unique_name	Home_car_KC05BgC-1	Home_car_KC05T2C-1	Home_car_KC05T3C-1	Home_car_KC06BgP-1	Home_car_KC06T1P-1	Home_car_KC06T2P-1	Home_car_KC06T3P-1	Home_car_KCT0C-1	Home_car_KCT0P-1	Home_car_KT05BgC-1	Home_car_KT05T2C-1	Home_car_SMM-2-3	Home_car_SY-41	Home_car_WJM-I	Home_car_WX-9	Home_car_Y-SB-1	Home_car_Y-SC-1	Underarm_1	Underarm_10	Underarm_11	Underarm_12	Underarm_13	Underarm_14	Underarm_15	Underarm_16	Underarm_17	Underarm_18	Underarm_19	Underarm_2	Underarm_20	Underarm_3	Underarm_4	Underarm_5	Underarm_6	Underarm_7	Underarm_8	Underarm_9
Malassezia_restricta	4.945636814	5.491449447	5.167503564	3.191896969	2.797367023	3.327133464	3.205689551	3.992053278	4.135786897	4.856082512	4.779780023	3.677110684	2.257909551	3.466441156	1.512458319	5.308316625	4.598844017	3.411156361	4.587362856	4.048469391	4.725082535	3.996924873	3.242410559	4.399593028	4.490472891	3.275770712	4.789245815	3.380196774	3.65006359	3.436060865	4.094569892	3.259224428	3.766610554	2.884872444	3.993889323	3.760998853	3.176637789
Malassezia_globosa	4.120945067	4.091559422	4.381492246	2.514713336	2.290584753	2.935798803	2.723334674	3.449295486	3.457064406	3.989459705	3.609564955	3.396230655	1.945852692	2.866808426	0.971618396	4.545441993	3.877216097	2.050744183	3.846555714	3.607289506	4.250671069	3.899986701	3.486002926	4.664938618	3.023154802	3.645173411	4.118230663	3.99457096	3.939416787	3.858364765	4.321120009	4.070244618	4.345968199	4.258424453	4.460786622	4.384966728	2.394597474
Alternaria_alternata	4.20095853	3.732168752	4.575042544	4.239658022	4.263781776	4.666413872	4.301493846	3.336885457	4.153524259	3.558156435	3.105037039	3.320897917	2.104419345	3.291939054	0	4.29560735	3.851705283	0	0	0	0	0	0	0	0	0	0	0	0	0	0	1.755313217	0	0	0	1.061906252	0
Aureobasidium_pullulans	3.169815127	0	3.82727887	3.995636335	4.376932737	4.433501682	3.881261272	0	3.053635587	2.676889263	3.467460188	2.727101965	1.75566574	1.61291281	0	3.097854583	2.288696171	0	0	0	0	0	0	0	0	0	0	0	0	0	0	0	0	0	0	0	0
Candida_tropicalis	0	0	0	2.281984073	0	0	0	0	0	0	0	0	0	0	0	0	0	0	0	0	4.460219871	3.029688106	2.622624459	3.57011107	3.633282572	3.516955344	0	0	3.452378134	2.631614983	0	0	3.325144905	0	0	0	0
Alternaria_arborescens	3.494795965	3.348486476	3.916047785	3.512086365	3.549270032	3.940251532	3.544870981	0	3.527319554	2.731466736	2.334852813	2.650870551	1.561017812	2.388723972	0	3.58565087	2.939767553	0	0	0	0	0	0	0	0	0	0	0	0	0	0	0	0	0	0	0	0
Wallemia_mellicola	3.295592353	0	0	3.006537073	0	2.996768008	0	3.929068833	4.091647647	3.002885821	2.452998918	0	0	0	0	2.885963354	0	0	4.049588266	0	0	0	0	0	0	0	0	0	0	0	0	0	0	0	0	0	0
Fusarium_fujikuroi	3.123965656	1.921760749	3.503738425	2.179058899	0	3.44976034	1.661901343	3.660656443	3.493910982	2.752885664	3.829748456	1.514101119	1.113549169	0	0	1.920818325	1.505899371	0	0	0	0	0	0	0	0	0	0	0	0	0	0	0	0	0	0	0	0
Fusarium_verticillioides	3.44978178	0	2.691650065	2.533302576	1.871041201	2.696595644	1.920466114	0	2.119704881	4.116157352	2.517794328	0	1.401941616	0	0	2.417243738	0	0	0	0	0	0	0	0	0	0	0	0	0	0	0	0	0	0	0	0	0
Saccharomyces_cerevisiae	2.920581238	0	2.971381292	3.129452311	2.966392158	3.330653552	3.337505017	0	0	2.28959078	2.50485651	0	0	3.444868607	1.311244963	3.615497284	2.321532904	0	0	0	0	0	0	0	0	0	0	0	0	0	0	0	0	0	0	0	0
Botrytis_cinerea	3.104074627	0	2.700728627	2.296931167	2.014009877	3.167192844	2.168100517	0	3.887646602	0	2.278030156	0	0	2.223084455	0	3.433302074	2.081067466	0	0	0	0	0	0	0	0	0	0	0	0	0	0	0	0	0	0	0	0
Candida_orthopsilosis	0	0	0	0	0	0	0	0	0	0	0	0	1.732273457	0	0	0	0	4.037347954	0	0	0	0	0	0	0	0	0	0	0	0	0	0	0	0	0	0	0
Aureobasidium_namibiae	2.65254622	0	2.558848224	2.893593235	3.441784805	3.437132386	2.801497642	0	2.222971686	2.026805149	1.735260483	1.539368113	0	0	0	1.656039637	1.903058396	0	0	0	0	0	0	0	0	0	0	0	0	0	0	0	0	0	0	0	0
Malassezia_sympodialis	2.093997421	0	0	0	0	0	0	0	0	2.200176474	2.038897476	0	0	0	0	3.148184698	2.39097574	0	3.716118787	0	0	0	1.483175295	0	0	0	0	0	0	0	0	0	0	0	0	0	0
Debaryomyces_hansenii	2.82698434	0	0	3.029342013	2.581063957	2.9950249	2.413676109	0	0	3.019747718	2.485796083	0	3.174724759	2.619391042	0	2.38741098	0	0	0	0	0	0	0	0	0	0	0	0	0	0	0	0	0	0	0	0	0
Coniosporium_apollinis	2.824288366	0	2.758389658	2.904269242	2.914667784	2.976136309	3.078611298	0	0	1.68748702	2.125447615	0	0	0	0	1.327507978	0	0	0	0	0	0	0	0	0	0	0	0	0	0	0	0	0	0	0	0	0
Penicillium_digitatum	2.91903754	0	2.577089511	2.131646962	2.334680005	2.41496241	1.776259662	0	0	2.099139273	1.728015696	0	0	3.392422796	0	2.126879609	1.358349435	0	0	0	0	0	0	0	0	0	0	0	0	0	0	0	0	0	0	0	0
Penicillium_rubens	2.687454499	2.758352496	2.867600155	2.641502743	2.116084445	2.372258662	2.08039605	0	2.522737246	2.911843593	2.225388105	1.29747703	0	2.136951128	0	2.388188672	1.727425664	0	0	0	0	0	0	0	0	0	0	0	0	0	0	0	0	0	0	0	0
Meyerozyma_guilliermondii	2.172503529	0	0	2.426615654	2.411254255	2.4628299	1.995139906	0	0	3.196662689	1.701031606	0	2.460834902	2.775789096	0	2.921976258	0	0	0	0	0	0	0	0	0	0	0	0	0	0	0	0	0	0	0	0	0
Aspergillus_glaucus	2.618465437	0	0	2.525361495	1.991859143	2.712978209	2.083053495	0	2.763730712	2.7451523	2.49674697	1.923563844	1.342680726	0	0	2.76758356	1.61633283	0	0	0	0	0	0	0	0	0	0	0	0	0	0	0	0	0	0	0	0
Pseudomicrostroma_glucosiphilum	1.927680879	0	0	2.150237824	1.898139246	2.994853901	2.395016947	0	2.398557347	1.560938185	2.13630732	2.807347355	0	0	0	1.704601328	0	0	0	0	0	0	0	0	0	0	0	0	0	0	0	0	0	0	0	0	0
Fusarium_oxysporum_f_sp_lycopersici_4287	1.534632137	0	2.678553177	1.944272158	2.104471591	2.388526012	0	0	2.052401702	2.932984028	2.182982372	1.600510628	0	2.543094667	0	1.290203574	0	0	0	0	0	0	0	0	0	0	0	0	0	0	0	0	0	0	0	0	0
Lodderomyces_elongisporus	0	0	0	2.004281582	2.291616545	0	0	0	0	2.752800031	3.191733412	0	0	0	0	0	0	0	0	0	0	0	0	0	0	0	0	0	0	0	0	0	0	0	0	0	0
Clavispora_lusitaniae	0	0	0	2.206990921	0	0	0	0	0	2.109663136	3.233007691	0	0	0	0	0	0	0	0	0	0	0	0	0	0	0	0	0	0	0	0	0	0	0	0	0	0
Torulaspora_delbrueckii	0	0	0	3.164575187	0	0	2.21500136	0	0	0	0	0	0	0	0	0	0	0	0	0	0	0	0	0	0	0	0	0	0	0	0	0	0	0	0	0	0
Aspergillus_niger_or_lacticoffeatus	2.887265038	0	0	2.072224336	0	2.225371255	0	0	0	0	1.894524876	0	0	0	0	2.011455813	0	0	0	0	0	0	0	0	0	0	0	0	0	0	0	0	0	0	0	0	0
Yarrowia_lipolytica	0	0	0	2.083223971	0	2.673034339	2.487843911	0	2.323137189	1.707144319	0	0	0	0	0	1.364043729	0	0	0	0	0	0	0	0	0	0	0	0	0	0	0	0	0	0	0	0	0
Chaetomium_globosum	1.648193464	0	0	2.098333071	1.949306231	2.740106122	2.170318721	0	0	0	1.434886935	0	1.236702643	0	0	2.242927802	0	0	0	0	0	0	0	0	0	0	0	0	0	0	0	0	0	0	0	0	0
Nosema_ceranae	0	0	0	0	0	0	3.07004253	0	0	0	0	0	0	0	0	0	0	0	0	0	0	0	0	0	0	0	0	0	0	0	0	0	0	0	0	0	0
Exserohilum_turcica	0	0	0	2.028347353	2.259734323	2.291501075	1.468711505	0	2.595845308	0	1.649270109	0	0	0	0	1.096388828	0	0	0	0	0	0	0	0	0	0	0	0	0	0	0	0	0	0	0	0	0
Nectria_haematococca	0	0	0	1.249453541	2.013002801	1.85713298	1.472003254	0	2.677884905	0	2.051012681	0	0	1.638898931	0	0.897785222	0	0	0	0	0	0	0	0	0	0	0	0	0	0	0	0	0	0	0	0	0
Aspergillus_fumigatus	2.339821494	0	0	1.625999418	0	2.036084155	1.856509576	0	0	1.42510719	1.385399443	0	0	2.046176551	0	2.051062159	1.915633845	0	0	0	0	0	0	0	0	0	0	0	0	0	0	0	0	0	0	0	0
Trichosporon_asahii	0	0	2.7208819	1.174524613	0	0	2.152349937	0	1.786643233	1.611979321	0	0	0	0	0	0	0	0	0	0	0	0	0	0	0	0	0	0	0	0	0	0	0	0	0	0	0
Penicillium_expansum	0	0	0	1.739288895	2.135643073	2.602069596	1.39528042	0	0	1.94262801	1.526994824	0	0	0	0	1.598900359	0	0	0	0	0	0	0	0	0	0	0	0	0	0	0	0	0	0	0	0	0
Bipolaris_sorokiniana	0	0	2.253201911	1.883477012	0	2.57364457	1.965146139	0	0	0	0	0	0	0	0	1.179986381	1.453781523	0	0	0	0	0	0	0	0	0	0	0	0	0	0	0	0	0	0	0	0
Aspergillus_welwitschiae	2.829337529	0	0	1.762930371	0	0	0	0	0	0	0	0	0	0	0	1.471557731	0	0	0	0	0	0	0	0	0	0	0	0	0	0	0	0	0	0	0	0	0
Fusarium_graminearum	2.600770579	0	0	1.766755415	0	2.017445222	0	0	0	1.96150239	0	0	0	0	0	1.950129587	0	0	0	0	0	0	0	0	0	0	0	0	0	0	0	0	0	0	0	0	0
Pyrenophora_tritici_repentis	0	0	2.201502265	1.851582211	1.791237307	1.968767486	1.58178515	0	0	0	0	0	0	0	0	1.60203384	2.357221381	0	0	0	0	0	0	0	0	0	0	0	0	0	0	0	0	0	0	0	0
Cercospora_beticola	1.076360884	0	2.21629494	1.602536823	1.53682065	1.859630569	1.711895978	0	0	1.211101152	0	1.044275069	0	0	0	2.42267006	1.23370286	0	0	0	0	0	0	0	0	0	0	0	0	0	0	0	0	0	0	0	0
Aspergillus_oryzae	0	0	2.757647902	1.976980946	0	0	0	0	0	0	0	0	0	0	0	0	0	0	0	0	0	0	0	0	0	0	0	0	0	0	0	0	0	0	0	0	0
Aureobasidium_subglaciale	1.994536591	0	0	1.933512232	2.382522299	2.170941368	1.578314402	0	0	0	0	0	0	0	0	1.100273675	0	0	0	0	0	0	0	0	0	0	0	0	0	0	0	0	0	0	0	0	0
Debaryomyces_fabryi	2.497960073	0	0	0	0	0	0	0	0	2.07911788	2.266560943	0	0	0	0	0	0	0	0	0	0	0	0	0	0	0	0	0	0	0	0	0	0	0	0	0	0
Moesziomyces_antarcticus	1.773841175	0	0	1.169523522	0	1.948220179	1.449559012	0	0	1.995253939	1.761720385	0	0	1.916428152	0	2.038535078	1.519028288	0	0	0	0	0	0	0	0	0	0	0	0	0	0	0	0	0	0	0	0
Trichoderma_atroviride	1.995575875	0	0	1.73963766	0	2.205910936	1.81684378	0	0	2.001771608	0	0	0	0	0	1.513661686	0	0	0	0	0	0	0	0	0	0	0	0	0	0	0	0	0	0	0	0	0
Parastagonospora_nodorum	1.968254322	0	0	1.837511133	2.15866994	2.022749397	1.581072017	0	0	0	1.425455536	0	0	0	0	0.889539021	0	0	0	0	0	0	0	0	0	0	0	0	0	0	0	0	0	0	0	0	0
Ustilago_maydis	0	0	0	1.834713867	1.776739986	1.829001058	1.662382127	0	0	0	0	0	0	0	0	1.728298785	2.145519384	0	0	0	0	0	0	0	0	0	0	0	0	0	0	0	0	0	0	0	0
Cyberlindnera_jadinii	0	0	0	0	0	0	0	0	0	0	2.629235442	0	0	0	0	0	0	0	0	0	0	0	0	0	0	0	0	0	0	0	0	0	0	0	0	0	0
Byssochlamys_spectabilis	0	0	2.312666985	1.439519284	0	1.887504524	0	0	0	0	0	0	0	0	0	1.468645159	0	0	0	0	0	0	0	0	0	0	0	0	0	0	0	0	0	0	0	0	0
Trichoderma_harzianum	0	0	0	1.690125189	0	1.709364218	0	0	2.325908709	1.057904894	0	0	0	0	0	0	0	0	0	0	0	0	0	0	0	0	0	0	0	0	0	0	0	0	0	0	0
Bipolaris_victoriae	0	0	0	1.759202052	0	2.115778719	0	0	0	0	0	0	0	0	0	2.106823846	0	0	0	0	0	0	0	0	0	0	0	0	0	0	0	0	0	0	0	0	0
Trichophyton_rubrum	0	0	0	2.170952685	0	0	0	0	0	1.95862037	1.564247621	0	0	0	0	1.54628008	0	0	0	0	0	0	0	0	0	0	0	0	0	0	0	0	0	0	0	0	0
Beauveria_bassiana	1.956782942	0	0	1.638278767	0	1.852114052	1.56073199	0	0	1.54407404	0	0	0	0	0	1.254588854	0	0	0	0	0	0	0	0	0	0	0	0	0	0	0	0	0	0	0	0	0
Cyphellophora_europaea	1.775597245	0	0	1.706959731	0	1.810727788	1.671681256	0	0	0	1.842773348	0	0	0	0	0	0	0	0	0	0	0	0	0	0	0	0	0	0	0	0	0	0	0	0	0	0
Bipolaris_maydis	2.057840123	0	0	2.078826188	0	0	0	0	0	0	1.448927676	0	0	0	0	1.211510533	0	0	0	0	0	0	0	0	0	0	0	0	0	0	0	0	0	0	0	0	0
Melampsora_larici_populina	0	0	0	1.646991827	2.206479525	0	1.239543038	0	0	0	0	0	0	0	0	1.509558711	0	0	0	0	0	0	0	0	0	0	0	0	0	0	0	0	0	0	0	0	0
Sclerotinia_sclerotiorum	0	0	0	1.394848832	0	0	0	0	0	0	0	0	0	0	0	2.351660377	0	0	0	0	0	0	0	0	0	0	0	0	0	0	0	0	0	0	0	0	0
Aspergillus_nidulans	1.891581139	0	0	1.47853284	0	0	0	0	0	1.624902425	0	0	0	0	0	1.214078317	1.880749087	0	0	0	0	0	0	0	0	0	0	0	0	0	0	0	0	0	0	0	0
Bipolaris_zeicola	0	0	0	2.051382768	0	0	0	0	0	0	0	0	0	0	0	2.11010062	0	0	0	0	0	0	0	0	0	0	0	0	0	0	0	0	0	0	0	0	0
Sordaria_macrospora	0	0	0	1.354163229	1.85474984	1.926489966	1.614975507	0	0	0	0	0	0	0	0	0	0	0	0	0	0	0	0	0	0	0	0	0	0	0	0	0	0	0	0	0	0
Aspergillus_steynii	0	0	0	1.139946631	0	0	0	0	1.973389951	0	0	0	0	0	0	2.011182881	0	0	0	0	0	0	0	0	0	0	0	0	0	0	0	0	0	0	0	0	0
Trichoderma_citrinoviride	0	0	0	1.289393268	0	1.816062916	1.287732569	0	0	0	0	0	0	0	0	1.931720565	0	0	0	0	0	0	0	0	0	0	0	0	0	0	0	0	0	0	0	0	0
Paraphaeosphaeria_sporulosa	0	0	0	1.673340923	0	1.541015398	1.390682016	0	1.817706711	0	0	0	0	0	0	0	0	0	0	0	0	0	0	0	0	0	0	0	0	0	0	0	0	0	0	0	0
Fusarium_pseudograminearum	0	0	0	0	0	0	0	0	0	0	0	0	0	0	0	0	2.217179911	0	0	0	0	0	0	0	0	0	0	0	0	0	0	0	0	0	0	0	0
Pichia_kudriavzevii	0	0	0	0	0	0	0	0	0	0	2.193133339	0	0	0	0	0	0	0	0	0	0	0	0	0	0	0	0	0	0	0	0	0	0	0	0	0	0
Aspergillus_flavus	0	0	0	0	0	0	0	0	0	0	0	0	0	0	0	2.168271224	0	0	0	0	0	0	0	0	0	0	0	0	0	0	0	0	0	0	0	0	0
Purpureocillium_lilacinum	0	0	0	1.26389845	0	0	1.955338678	0	0	1.272089367	0	0	0	0	0	0	1.193203577	0	0	0	0	0	0	0	0	0	0	0	0	0	0	0	0	0	0	0	0
Leptosphaeria_maculans	0	0	0	0	1.713971065	1.891014195	0	0	0	0	0	0	0	0	0	0	0	0	0	0	0	0	0	0	0	0	0	0	0	0	0	0	0	0	0	0	0
Schizophyllum_commune	0	0	0	0.850746765	1.510680308	0	1.405521011	0	0	1.143589164	0	0	0	0	0	1.641167063	0	0	0	0	0	0	0	0	0	0	0	0	0	0	0	0	0	0	0	0	0
Sporisorium_graminicola	2.014320146	0	0	1.032246886	0	0	0	0	0	0	0	0	0	0	0	0	0	0	0	0	0	0	0	0	0	0	0	0	0	0	0	0	0	0	0	0	0
Aspergillus_neoniger	0	0	0	0	0	0	0	0	0	0	0	0	0	0	0	2.040133197	0	0	0	0	0	0	0	0	0	0	0	0	0	0	0	0	0	0	0	0	0
Colletotrichum_higginsianum	0	0	0	0.882995712	1.947920887	0	0	0	0	0	0	0	0	0	0	0.964856326	0	0	0	0	0	0	0	0	0	0	0	0	0	0	0	0	0	0	0	0	0
Exophiala_xenobiotica	1.634938904	0	0	1.308992085	0	0	0	0	0	0	1.333309313	0	0	0	0	1.296044234	0	0	0	0	0	0	0	0	0	0	0	0	0	0	0	0	0	0	0	0	0
Acaromyces_ingoldii	0	0	0	1.322373076	0	1.708519427	0	0	0	1.092256523	0	0	0	0	0	1.13454594	0	0	0	0	0	0	0	0	0	0	0	0	0	0	0	0	0	0	0	0	0
Exophiala_oligosperma	1.462550571	0	0	0	0	0	0	0	0	0	0	0	0	0	0	0	1.822794594	0	0	0	0	0	0	0	0	0	0	0	0	0	0	0	0	0	0	0	0
Agaricus_bisporus	0	0	0	0	0	0	0	0	0	0	0	0	0	1.957152096	0	0	0	0	0	0	0	0	0	0	0	0	0	0	0	0	0	0	0	0	0	0	0
Talaromyces_marneffei	1.561527187	0	0	0	0	0	0	0	0	1.607617205	0	0	0	0	0	1.017931195	0	0	0	0	0	0	0	0	0	0	0	0	0	0	0	0	0	0	0	0	0
Pestalotiopsis_fici	0	0	0	0	0	0	0	0	1.894408831	0	0	0	0	0	0	0	0	0	0	0	0	0	0	0	0	0	0	0	0	0	0	0	0	0	0	0	0
Pseudogymnoascus_verrucosus	0	0	0	0	0	0	0	0	0	0	0	0	0	0	0	1.894174706	0	0	0	0	0	0	0	0	0	0	0	0	0	0	0	0	0	0	0	0	0
Rhodotorula_graminis	0	0	0	1.586156681	0	0	0	0	0	1.510754927	0	0	0	0	0	0	0	0	0	0	0	0	0	0	0	0	0	0	0	0	0	0	0	0	0	0	0
Trametes_versicolor	1.495699874	0	0	0	0	0	0	0	0	0	0	0	0	0	0	1.595165783	0	0	0	0	0	0	0	0	0	0	0	0	0	0	0	0	0	0	0	0	0
Endocarpon_pusillum	0	0	0	0	0	0	0	0	0	0	1.828966564	0	0	0	0	0	0	0	0	0	0	0	0	0	0	0	0	0	0	0	0	0	0	0	0	0	0
Cutaneotrichosporon_oleaginosum	0	0	0	0	0	0	0	0	0	1.800562805	0	0	0	0	0	0	0	0	0	0	0	0	0	0	0	0	0	0	0	0	0	0	0	0	0	0	0
Pyricularia_oryzae	0	0	0	1.774539352	0	0	0	0	0	0	0	0	0	0	0	0	0	0	0	0	0	0	0	0	0	0	0	0	0	0	0	0	0	0	0	0	0
Talaromyces_atroroseus	1.773349839	0	0	0	0	0	0	0	0	0	0	0	0	0	0	0	0	0	0	0	0	0	0	0	0	0	0	0	0	0	0	0	0	0	0	0	0
Phaeoacremonium_minimum	0	0	0	1.182216068	0	1.454099946	1.183728719	0	0	0	0	0	0	0	0	0	0	0	0	0	0	0	0	0	0	0	0	0	0	0	0	0	0	0	0	0	0
Bipolaris_oryzae	0	0	0	1.611401845	0	0	0	0	0	0	0	0	0	0	0	1.19323112	0	0	0	0	0	0	0	0	0	0	0	0	0	0	0	0	0	0	0	0	0
Aspergillus_clavatus	0	0	0	0	0	0	0	0	0	0	0	0	0	0	0	1.74179788	0	0	0	0	0	0	0	0	0	0	0	0	0	0	0	0	0	0	0	0	0
Ogataea_polymorpha	0	0	0	0	0	0	0	0	0	0	0	0	0	0	0	1.738084278	0	0	0	0	0	0	0	0	0	0	0	0	0	0	0	0	0	0	0	0	0
Exophiala_dermatitidis	0	0	0	1.637280543	0	0	0	0	0	0	0	0	0	0	0	1.004788893	0	0	0	0	0	0	0	0	0	0	0	0	0	0	0	0	0	0	0	0	0
Aspergillus_uvarum	0	0	0	0	0	1.701652393	0	0	0	0	0	0	0	0	0	0	0	0	0	0	0	0	0	0	0	0	0	0	0	0	0	0	0	0	0	0	0
Gloeophyllum_trabeum	1.557433496	0	0	0	0	0	0	0	0	0	0	0	0	0	0	0.882590906	0	0	0	0	0	0	0	0	0	0	0	0	0	0	0	0	0	0	0	0	0
Aspergillus_thermomutatus	0	0	0	0	0	0	0	0	0	0	0	0	0	0	0	1.595847685	0	0	0	0	0	0	0	0	0	0	0	0	0	0	0	0	0	0	0	0	0
Malassezia_pachydermatis	0	0	0	0	0	0	0	0	0	1.581567784	0	0	0	0	0	0	0	0	0	0	0	0	0	0	0	0	0	0	0	0	0	0	0	0	0	0	0
Aspergillus_terreus	0	0	0	0	0	0	0	0	0	0	0	0	0	0	0	1.528408215	0	0	0	0	0	0	0	0	0	0	0	0	0	0	0	0	0	0	0	0	0
Fusarium_venenatum	0	0	0	1.515979359	0	0	0	0	0	0	0	0	0	0	0	0	0	0	0	0	0	0	0	0	0	0	0	0	0	0	0	0	0	0	0	0	0
Thermothelomyces_thermophilus	0	0	0	1.487175802	0	0	0	0	0	0	0	0	0	0	0	0	0	0	0	0	0	0	0	0	0	0	0	0	0	0	0	0	0	0	0	0	0
Tilletiopsis_washingtonensis	1.199528822	0	0	0	0	0	0	0	0	0	0	0	0	0	0	1.163934482	0	0	0	0	0	0	0	0	0	0	0	0	0	0	0	0	0	0	0	0	0
Stereum_hirsutum	1.44965703	0	0	0	0	0	0	0	0	0	0	0	0	0	0	0	0	0	0	0	0	0	0	0	0	0	0	0	0	0	0	0	0	0	0	0	0
Apiotrichum_porosum	0	0	0	0	0	0	0	0	0	1.439352222	0	0	0	0	0	0	0	0	0	0	0	0	0	0	0	0	0	0	0	0	0	0	0	0	0	0	0
Aspergillus_nomius	0	0	0	0	0	0	0	0	0	0	0	0	0	0	0	1.437866737	0	0	0	0	0	0	0	0	0	0	0	0	0	0	0	0	0	0	0	0	0
Aspergillus_heteromorphus	0	0	0	0	0	0	0	0	0	0	0	0	0	0	0	1.430710677	0	0	0	0	0	0	0	0	0	0	0	0	0	0	0	0	0	0	0	0	0
Aspergillus_mulundensis	0	0	0	0	0	0	0	0	0	0	0	0	0	0	0	1.425999899	0	0	0	0	0	0	0	0	0	0	0	0	0	0	0	0	0	0	0	0	0
Capronia_epimyces	0	0	0	0	0	0	0	0	0	0	1.4043997	0	0	0	0	0	0	0	0	0	0	0	0	0	0	0	0	0	0	0	0	0	0	0	0	0	0
Diplodia_corticola	0	0	0	1.366708704	0	0	0	0	0	0	0	0	0	0	0	0	0	0	0	0	0	0	0	0	0	0	0	0	0	0	0	0	0	0	0	0	0
Phialophora_attae	0	0	0	1.360026869	0	0	0	0	0	0	0	0	0	0	0	0	0	0	0	0	0	0	0	0	0	0	0	0	0	0	0	0	0	0	0	0	0
Neurospora_tetrasperma	0	0	0	0	0	0	0	0	0	0	0	0	0	0	0	1.31027088	0	0	0	0	0	0	0	0	0	0	0	0	0	0	0	0	0	0	0	0	0
Aspergillus_fischeri	0	0	0	0	0	0	0	0	0	0	1.293076123	0	0	0	0	0	0	0	0	0	0	0	0	0	0	0	0	0	0	0	0	0	0	0	0	0	0
Exophiala_mesophila	0	0	0	1.281475919	0	0	0	0	0	0	0	0	0	0	0	0	0	0	0	0	0	0	0	0	0	0	0	0	0	0	0	0	0	0	0	0	0
Penicillium_arizonense	0	0	0	0	0	0	0	0	0	1.247750467	0	0	0	0	0	0	0	0	0	0	0	0	0	0	0	0	0	0	0	0	0	0	0	0	0	0	0
Metarhizium_robertsii	0	0	0	0	0	0	0	0	0	0	0	0	0	0	0	1.232995319	0	0	0	0	0	0	0	0	0	0	0	0	0	0	0	0	0	0	0	0	0
Aspergillus_novofumigatus	0	0	0	0	0	0	0	0	0	0	0	0	0	0	0	1.184909937	0	0	0	0	0	0	0	0	0	0	0	0	0	0	0	0	0	0	0	0	0
Trichoderma_gamsii	0	0	0	1.129919403	0	0	0	0	0	0	0	0	0	0	0	0	0	0	0	0	0	0	0	0	0	0	0	0	0	0	0	0	0	0	0	0	0
Pseudozyma_hubeiensis	0	0	0	1.119925798	0	0	0	0	0	0	0	0	0	0	0	0	0	0	0	0	0	0	0	0	0	0	0	0	0	0	0	0	0	0	0	0	0
Pochonia_chlamydosporia	0	0	0	0	0	0	0	0	0	0	0	0	0	0	0	1.111751663	0	0	0	0	0	0	0	0	0	0	0	0	0	0	0	0	0	0	0	0	0
Exophiala_spinifera	0	0	0	1.051985911	0	0	0	0	0	0	0	0	0	0	0	0	0	0	0	0	0	0	0	0	0	0	0	0	0	0	0	0	0	0	0	0	0
Zymoseptoria_tritici	0	0	0	0	0	0	0	0	0	0	0.963585578	0	0	0	0	0	0	0	0	0	0	0	0	0	0	0	0	0	0	0	0	0	0	0	0	0	0
Talaromyces_stipitatus	0	0	0	0	0	0	0	0	0	0	0	0	0	0	0	0.941771247	0	0	0	0	0	0	0	0	0	0	0	0	0	0	0	0	0	0	0	0	0